90000	14.51746157	8.13233961
110000	23.59538938	14.93963036
130000	27.32922104	12.22655665
150000	25.38936832	16.27782115
170000	34.54812033	17.31520231
190000	30.33112662	20.66054491
210000	43.54403716	24.034284
230000	37.03131087	21.48785859
250000	39.33235904	24.51142261
270000	50.72150165	29.03560176
290000	46.31623911	28.68604962
310000	65.34460084	47.62597035
330000	60.25118455	32.62051018
350000	65.99334728	33.22689808
370000	73.27469389	44.61686002
390000	64.88885826	48.46324121
410000	75.29572937	38.54537008
430000	72.20448278	47.57396406
